# Blender v2.79 (sub 0) OBJ File: 'text.blend'
# www.blender.org
o Text_aaa
v 13.172499 6.376570 4.478185
v 13.083499 6.376570 4.478185
v 13.083499 5.694570 4.478694
v 13.172499 5.694570 4.478694
v 12.977499 5.824570 4.478597
v 12.964518 5.816365 4.478603
v 12.951564 5.808764 4.478609
v 12.938623 5.801789 4.478614
v 12.925684 5.795459 4.478619
v 12.912730 5.789796 4.478623
v 12.899749 5.784820 4.478627
v 12.886725 5.780553 4.478630
v 12.873647 5.777014 4.478633
v 12.860498 5.774226 4.478635
v 12.847267 5.772209 4.478636
v 12.833939 5.770983 4.478637
v 12.820499 5.770570 4.478638
v 12.799729 5.771527 4.478637
v 12.780425 5.774389 4.478635
v 12.762592 5.779148 4.478631
v 12.746240 5.785792 4.478626
v 12.731373 5.794312 4.478620
v 12.717999 5.804695 4.478612
v 12.706125 5.816933 4.478603
v 12.695759 5.831015 4.478592
v 12.686905 5.846930 4.478580
v 12.679573 5.864667 4.478568
v 12.673769 5.884218 4.478553
v 12.669498 5.905570 4.478537
v 12.985498 5.905570 4.478537
v 12.983934 5.945302 4.478507
v 12.979319 5.981505 4.478480
v 12.971765 6.014195 4.478456
v 12.961388 6.043385 4.478434
v 12.948303 6.069088 4.478415
v 12.932624 6.091320 4.478398
v 12.914466 6.110093 4.478384
v 12.893944 6.125422 4.478373
v 12.871170 6.137320 4.478364
v 12.846262 6.145802 4.478357
v 12.819334 6.150880 4.478354
v 12.790499 6.152570 4.478353
v 12.760319 6.150681 4.478354
v 12.731888 6.145125 4.478358
v 12.705374 6.136070 4.478364
v 12.680943 6.123681 4.478374
v 12.658762 6.108126 4.478385
v 12.638998 6.089570 4.478399
v 12.621819 6.068181 4.478415
v 12.607388 6.044126 4.478433
v 12.595874 6.017570 4.478453
v 12.587443 5.988681 4.478475
v 12.582263 5.957625 4.478498
v 12.580499 5.924570 4.478523
v 12.582114 5.893819 4.478546
v 12.586925 5.863811 4.478568
v 12.594873 5.834914 4.478590
v 12.605906 5.807496 4.478610
v 12.619967 5.781925 4.478629
v 12.636999 5.758570 4.478647
v 12.656948 5.737798 4.478662
v 12.679758 5.719977 4.478675
v 12.705374 5.705476 4.478686
v 12.733739 5.694663 4.478694
v 12.764799 5.687904 4.478699
v 12.798498 5.685570 4.478701
v 12.816955 5.685925 4.478701
v 12.834396 5.686996 4.478700
v 12.850937 5.688789 4.478699
v 12.866684 5.691311 4.478697
v 12.881751 5.694569 4.478694
v 12.896249 5.698570 4.478692
v 12.910288 5.703321 4.478688
v 12.923981 5.708829 4.478684
v 12.937437 5.715101 4.478679
v 12.950768 5.722144 4.478674
v 12.964085 5.729965 4.478668
v 12.977499 5.738570 4.478662
v 12.671499 5.964570 4.478493
v 12.675102 5.981669 4.478480
v 12.679907 5.997445 4.478468
v 12.685905 6.011867 4.478457
v 12.693091 6.024903 4.478448
v 12.701458 6.036523 4.478439
v 12.710999 6.046695 4.478431
v 12.721706 6.055387 4.478425
v 12.733574 6.062570 4.478420
v 12.746593 6.068211 4.478415
v 12.760758 6.072278 4.478412
v 12.776063 6.074742 4.478410
v 12.792499 6.075570 4.478410
v 12.807741 6.074685 4.478411
v 12.821943 6.072070 4.478413
v 12.835062 6.067789 4.478415
v 12.847054 6.061903 4.478420
v 12.857882 6.054476 4.478426
v 12.867499 6.045570 4.478432
v 12.875868 6.035247 4.478440
v 12.882944 6.023570 4.478449
v 12.888687 6.010601 4.478458
v 12.893055 5.996403 4.478469
v 12.896006 5.981039 4.478480
v 12.897499 5.964570 4.478493
v 12.480499 6.376570 4.478185
v 12.391499 6.376570 4.478185
v 12.391499 6.134570 4.478366
v 12.382660 6.137655 4.478364
v 12.374119 6.140417 4.478362
v 12.365843 6.142867 4.478360
v 12.357795 6.145014 4.478358
v 12.349941 6.146870 4.478357
v 12.342249 6.148445 4.478355
v 12.334681 6.149749 4.478354
v 12.327202 6.150792 4.478354
v 12.319779 6.151586 4.478353
v 12.312378 6.152139 4.478353
v 12.304962 6.152464 4.478353
v 12.297499 6.152570 4.478353
v 12.265572 6.150665 4.478354
v 12.235420 6.145079 4.478358
v 12.207233 6.136007 4.478365
v 12.181202 6.123644 4.478374
v 12.157518 6.108183 4.478385
v 12.136374 6.089820 4.478399
v 12.117958 6.068748 4.478415
v 12.102462 6.045163 4.478433
v 12.090076 6.019258 4.478452
v 12.080994 5.991227 4.478473
v 12.075405 5.961267 4.478495
v 12.073499 5.929570 4.478519
v 12.075230 5.894696 4.478545
v 12.080341 5.862163 4.478569
v 12.088717 5.832101 4.478592
v 12.100239 5.804644 4.478612
v 12.114789 5.779923 4.478631
v 12.132248 5.758070 4.478647
v 12.152500 5.739217 4.478661
v 12.175425 5.723496 4.478673
v 12.200905 5.711039 4.478682
v 12.228823 5.701977 4.478689
v 12.259060 5.696444 4.478693
v 12.291498 5.694570 4.478694
v 12.480499 5.694570 4.478694
v 12.391499 5.769570 4.478639
v 12.301498 5.769570 4.478639
v 12.277166 5.770858 4.478638
v 12.255587 5.774626 4.478635
v 12.236639 5.780726 4.478630
v 12.220202 5.789014 4.478624
v 12.206154 5.799345 4.478616
v 12.194374 5.811570 4.478607
v 12.184738 5.825546 4.478597
v 12.177128 5.841125 4.478585
v 12.171421 5.858164 4.478572
v 12.167494 5.876514 4.478559
v 12.165228 5.896032 4.478544
v 12.164499 5.916570 4.478528
v 12.165689 5.939386 4.478512
v 12.169193 5.960764 4.478496
v 12.174905 5.980601 4.478481
v 12.182720 5.998792 4.478467
v 12.192536 6.015233 4.478455
v 12.204248 6.029820 4.478444
v 12.217752 6.042449 4.478435
v 12.232943 6.053014 4.478427
v 12.249717 6.061414 4.478420
v 12.267970 6.067542 4.478416
v 12.287599 6.071296 4.478413
v 12.308498 6.072570 4.478412
v 12.315861 6.072464 4.478412
v 12.322980 6.072144 4.478413
v 12.329905 6.071601 4.478413
v 12.336683 6.070829 4.478414
v 12.343366 6.069821 4.478414
v 12.349998 6.068570 4.478415
v 12.356632 6.067069 4.478416
v 12.363314 6.065310 4.478417
v 12.370092 6.063289 4.478419
v 12.377018 6.060996 4.478421
v 12.384136 6.058425 4.478423
v 12.391499 6.055570 4.478425
v 11.750499 6.152570 4.478353
v 11.717686 6.150528 4.478354
v 11.686415 6.144566 4.478358
v 11.656937 6.134929 4.478365
v 11.629498 6.121866 4.478375
v 11.604353 6.105623 4.478387
v 11.581749 6.086445 4.478402
v 11.561935 6.064580 4.478418
v 11.545165 6.040274 4.478436
v 11.531686 6.013773 4.478456
v 11.521749 5.985325 4.478477
v 11.515602 5.955175 4.478500
v 11.513498 5.923570 4.478523
v 11.515526 5.889897 4.478549
v 11.521471 5.858024 4.478572
v 11.531123 5.828164 4.478595
v 11.544275 5.800533 4.478615
v 11.560720 5.775347 4.478634
v 11.580248 5.752820 4.478651
v 11.602652 5.733169 4.478666
v 11.627721 5.716607 4.478678
v 11.655249 5.703351 4.478688
v 11.685026 5.693616 4.478695
v 11.716846 5.687617 4.478700
v 11.750499 5.685570 4.478701
v 11.785530 5.687541 4.478700
v 11.818499 5.693338 4.478695
v 11.849217 5.702789 4.478688
v 11.877499 5.715718 4.478679
v 11.903154 5.731953 4.478666
v 11.925999 5.751320 4.478652
v 11.945843 5.773645 4.478635
v 11.962499 5.798755 4.478617
v 11.975780 5.826476 4.478596
v 11.985498 5.856635 4.478573
v 11.991467 5.889057 4.478549
v 11.993499 5.923570 4.478523
v 11.991410 5.956015 4.478499
v 11.985291 5.986713 4.478476
v 11.975358 6.015460 4.478455
v 11.961832 6.042051 4.478435
v 11.944931 6.066281 4.478417
v 11.924873 6.087945 4.478401
v 11.901878 6.106838 4.478386
v 11.876165 6.122755 4.478374
v 11.847952 6.135492 4.478365
v 11.817457 6.144843 4.478358
v 11.784900 6.150604 4.478354
v 11.749498 6.072570 4.478412
v 11.771205 6.071280 4.478413
v 11.791735 6.067501 4.478416
v 11.810951 6.061367 4.478420
v 11.828721 6.053014 4.478427
v 11.844907 6.042579 4.478435
v 11.859374 6.030195 4.478444
v 11.871986 6.015999 4.478455
v 11.882610 6.000125 4.478466
v 11.891109 5.982711 4.478479
v 11.897346 5.963890 4.478493
v 11.901188 5.943798 4.478508
v 11.902498 5.922570 4.478524
v 11.901283 5.899104 4.478542
v 11.897694 5.877260 4.478558
v 11.891811 5.857117 4.478573
v 11.883720 5.838755 4.478587
v 11.873506 5.822255 4.478599
v 11.861248 5.807695 4.478610
v 11.847033 5.795156 4.478619
v 11.830942 5.784718 4.478627
v 11.813061 5.776461 4.478633
v 11.793470 5.770463 4.478638
v 11.772255 5.766807 4.478641
v 11.749498 5.765570 4.478642
v 11.728580 5.766865 4.478641
v 11.708897 5.770677 4.478638
v 11.690561 5.776898 4.478633
v 11.673683 5.785422 4.478627
v 11.658376 5.796140 4.478619
v 11.644749 5.808945 4.478609
v 11.632913 5.823729 4.478598
v 11.622980 5.840385 4.478586
v 11.615061 5.858804 4.478572
v 11.609266 5.878880 4.478557
v 11.605709 5.900505 4.478540
v 11.604498 5.923570 4.478523
v 11.605747 5.944568 4.478508
v 11.609406 5.964468 4.478493
v 11.615342 5.983132 4.478479
v 11.623425 6.000422 4.478466
v 11.633520 6.016197 4.478454
v 11.645498 6.030320 4.478444
v 11.659227 6.042651 4.478435
v 11.674573 6.053051 4.478426
v 11.691405 6.061382 4.478420
v 11.709591 6.067505 4.478416
v 11.729000 6.071280 4.478413
v 10.765499 6.143570 4.478359
v 10.765499 5.694570 4.478694
v 10.854499 5.694570 4.478694
v 10.854499 6.020570 4.478451
v 10.863615 6.030725 4.478443
v 10.872517 6.039723 4.478436
v 10.881280 6.047617 4.478431
v 10.889980 6.054459 4.478426
v 10.898694 6.060301 4.478421
v 10.907498 6.065195 4.478417
v 10.916470 6.069193 4.478415
v 10.925684 6.072348 4.478412
v 10.935217 6.074711 4.478411
v 10.945147 6.076334 4.478409
v 10.955549 6.077270 4.478409
v 10.966499 6.077570 4.478408
v 10.977335 6.076918 4.478409
v 10.987776 6.074936 4.478410
v 10.997717 6.071586 4.478413
v 11.007054 6.066829 4.478416
v 11.015682 6.060628 4.478421
v 11.023499 6.052945 4.478427
v 11.030397 6.043741 4.478434
v 11.036276 6.032978 4.478442
v 11.041030 6.020617 4.478451
v 11.044554 6.006621 4.478461
v 11.046745 5.990952 4.478473
v 11.047499 5.973570 4.478486
v 11.047499 5.694570 4.478694
v 11.136498 5.694570 4.478694
v 11.136498 6.020570 4.478451
v 11.144634 6.028643 4.478445
v 11.153003 6.036320 4.478439
v 11.161545 6.043539 4.478434
v 11.170202 6.050237 4.478429
v 11.178914 6.056351 4.478424
v 11.187623 6.061820 4.478420
v 11.196270 6.066580 4.478416
v 11.204794 6.070570 4.478414
v 11.213139 6.073726 4.478411
v 11.221243 6.075986 4.478410
v 11.229050 6.077289 4.478409
v 11.236499 6.077570 4.478408
v 11.249043 6.076803 4.478409
v 11.261096 6.074514 4.478411
v 11.272546 6.070726 4.478414
v 11.283277 6.065459 4.478417
v 11.293175 6.058733 4.478423
v 11.302124 6.050570 4.478428
v 11.310011 6.040990 4.478436
v 11.316721 6.030015 4.478444
v 11.322140 6.017664 4.478453
v 11.326152 6.003959 4.478463
v 11.328644 5.988921 4.478475
v 11.329498 5.972570 4.478487
v 11.329498 5.694570 4.478694
v 11.418499 5.694570 4.478694
v 11.418499 5.976570 4.478484
v 11.417305 6.002300 4.478465
v 11.413780 6.026412 4.478446
v 11.408014 6.048789 4.478430
v 11.400091 6.069311 4.478415
v 11.390099 6.087861 4.478401
v 11.378122 6.104320 4.478388
v 11.364252 6.118571 4.478378
v 11.348572 6.130496 4.478369
v 11.331170 6.139976 4.478362
v 11.312132 6.146894 4.478356
v 11.291546 6.151131 4.478354
v 11.269499 6.152570 4.478353
v 11.253847 6.151816 4.478353
v 11.238873 6.149625 4.478354
v 11.224545 6.146101 4.478357
v 11.210833 6.141348 4.478361
v 11.197702 6.135469 4.478365
v 11.185123 6.128570 4.478370
v 11.173067 6.120754 4.478376
v 11.161499 6.112125 4.478383
v 11.150390 6.102789 4.478390
v 11.139708 6.092848 4.478397
v 11.129421 6.082407 4.478405
v 11.119499 6.071570 4.478413
v 11.111649 6.084297 4.478404
v 11.103115 6.095973 4.478395
v 11.093921 6.106586 4.478387
v 11.084091 6.116126 4.478380
v 11.073650 6.124582 4.478373
v 11.062624 6.131945 4.478368
v 11.051034 6.138204 4.478363
v 11.038906 6.143348 4.478359
v 11.026264 6.147367 4.478356
v 11.013132 6.150250 4.478354
v 10.999537 6.151989 4.478353
v 10.985498 6.152570 4.478353
v 10.974977 6.152111 4.478353
v 10.964406 6.150727 4.478354
v 10.953779 6.148414 4.478355
v 10.943090 6.145163 4.478358
v 10.932333 6.140967 4.478361
v 10.921498 6.135820 4.478365
v 10.910581 6.129714 4.478369
v 10.899572 6.122644 4.478374
v 10.888467 6.114601 4.478381
v 10.877257 6.105579 4.478387
v 10.865937 6.095571 4.478395
v 10.854499 6.084570 4.478403
v 10.854499 6.143570 4.478359
v 10.415499 6.143570 4.478359
v 10.032498 6.143570 4.478359
v 10.032498 6.063570 4.478419
v 10.260498 6.063570 4.478419
v 10.022498 5.694570 4.478694
v 10.416498 5.694570 4.478694
v 10.416498 5.774570 4.478635
v 10.176498 5.774570 4.478635
v 9.684498 6.143570 4.478359
v 9.684498 5.694570 4.478694
v 9.773499 5.694570 4.478694
v 9.773499 5.929570 4.478519
v 9.774478 5.948461 4.478505
v 9.777336 5.966528 4.478491
v 9.781951 5.983617 4.478478
v 9.788202 5.999570 4.478467
v 9.795966 6.014232 4.478456
v 9.805123 6.027445 4.478446
v 9.815551 6.039054 4.478437
v 9.827127 6.048903 4.478430
v 9.839733 6.056836 4.478424
v 9.853244 6.062695 4.478419
v 9.867539 6.066325 4.478417
v 9.882498 6.067570 4.478416
v 9.888027 6.067201 4.478416
v 9.894063 6.066116 4.478417
v 9.900530 6.064351 4.478418
v 9.907351 6.061940 4.478420
v 9.914449 6.058918 4.478422
v 9.921748 6.055320 4.478425
v 9.929173 6.051180 4.478428
v 9.936646 6.046533 4.478432
v 9.944092 6.041414 4.478436
v 9.951433 6.035857 4.478439
v 9.958594 6.029898 4.478444
v 9.965498 6.023570 4.478449
v 10.012499 6.100570 4.478391
v 10.003308 6.108945 4.478385
v 9.994226 6.116575 4.478379
v 9.985233 6.123461 4.478374
v 9.976314 6.129607 4.478370
v 9.967449 6.135017 4.478365
v 9.958624 6.139695 4.478362
v 9.949819 6.143643 4.478359
v 9.941017 6.146866 4.478357
v 9.932201 6.149367 4.478355
v 9.923355 6.151149 4.478354
v 9.914460 6.152215 4.478353
v 9.905499 6.152570 4.478353
v 9.894977 6.151875 4.478353
v 9.884411 6.149760 4.478354
v 9.873796 6.146179 4.478357
v 9.863128 6.141088 4.478361
v 9.852406 6.134442 4.478366
v 9.841623 6.126195 4.478372
v 9.830779 6.116302 4.478379
v 9.819869 6.104718 4.478388
v 9.808889 6.091398 4.478398
v 9.797836 6.076297 4.478409
v 9.786708 6.059369 4.478422
v 9.775498 6.040570 4.478436
v 9.773499 6.040570 4.478436
v 9.773499 6.143570 4.478359
v 9.574498 5.824570 4.478597
v 9.561517 5.816365 4.478603
v 9.548563 5.808764 4.478609
v 9.535624 5.801789 4.478614
v 9.522683 5.795459 4.478619
v 9.509729 5.789796 4.478623
v 9.496748 5.784820 4.478627
v 9.483725 5.780553 4.478630
v 9.470646 5.777014 4.478633
v 9.457499 5.774226 4.478635
v 9.444266 5.772209 4.478636
v 9.430938 5.770983 4.478637
v 9.417498 5.770570 4.478638
v 9.396729 5.771527 4.478637
v 9.377424 5.774389 4.478635
v 9.359592 5.779148 4.478631
v 9.343239 5.785792 4.478626
v 9.328372 5.794312 4.478620
v 9.314999 5.804695 4.478612
v 9.303124 5.816933 4.478603
v 9.292758 5.831015 4.478592
v 9.283905 5.846930 4.478580
v 9.276573 5.864667 4.478568
v 9.270768 5.884218 4.478553
v 9.266499 5.905570 4.478537
v 9.582499 5.905570 4.478537
v 9.580935 5.945302 4.478507
v 9.576318 5.981505 4.478480
v 9.568764 6.014195 4.478456
v 9.558388 6.043385 4.478434
v 9.545302 6.069088 4.478415
v 9.529623 6.091320 4.478398
v 9.511465 6.110093 4.478384
v 9.490943 6.125422 4.478373
v 9.468170 6.137320 4.478364
v 9.443262 6.145802 4.478357
v 9.416333 6.150880 4.478354
v 9.387498 6.152570 4.478353
v 9.357318 6.150681 4.478354
v 9.328887 6.145125 4.478358
v 9.302374 6.136070 4.478364
v 9.277943 6.123681 4.478374
v 9.255762 6.108126 4.478385
v 9.235998 6.089570 4.478399
v 9.218818 6.068181 4.478415
v 9.204388 6.044126 4.478433
v 9.192873 6.017570 4.478453
v 9.184443 5.988681 4.478475
v 9.179262 5.957625 4.478498
v 9.177498 5.924570 4.478523
v 9.179113 5.893819 4.478546
v 9.183924 5.863811 4.478568
v 9.191874 5.834914 4.478590
v 9.202906 5.807496 4.478610
v 9.216966 5.781925 4.478629
v 9.233998 5.758570 4.478647
v 9.253947 5.737798 4.478662
v 9.276757 5.719977 4.478675
v 9.302373 5.705476 4.478686
v 9.330739 5.694663 4.478694
v 9.361799 5.687904 4.478699
v 9.395498 5.685570 4.478701
v 9.413954 5.685925 4.478701
v 9.431396 5.686996 4.478700
v 9.447936 5.688789 4.478699
v 9.463684 5.691311 4.478697
v 9.478750 5.694569 4.478694
v 9.493248 5.698570 4.478692
v 9.507288 5.703321 4.478688
v 9.520980 5.708829 4.478684
v 9.534436 5.715101 4.478679
v 9.547767 5.722144 4.478674
v 9.561084 5.729965 4.478668
v 9.574498 5.738570 4.478662
v 9.268498 5.964570 4.478493
v 9.272101 5.981669 4.478480
v 9.276905 5.997445 4.478468
v 9.282905 6.011867 4.478457
v 9.290091 6.024903 4.478448
v 9.298458 6.036523 4.478439
v 9.307999 6.046695 4.478431
v 9.318706 6.055387 4.478425
v 9.330572 6.062570 4.478420
v 9.343592 6.068211 4.478415
v 9.357758 6.072278 4.478412
v 9.373061 6.074742 4.478410
v 9.389498 6.075570 4.478410
v 9.404741 6.074685 4.478411
v 9.418942 6.072070 4.478413
v 9.432060 6.067789 4.478415
v 9.444054 6.061903 4.478420
v 9.454880 6.054476 4.478426
v 9.464499 6.045570 4.478432
v 9.472866 6.035247 4.478440
v 9.479942 6.023570 4.478449
v 9.485685 6.010601 4.478458
v 9.490054 5.996403 4.478469
v 9.493006 5.981039 4.478480
v 9.494498 5.964570 4.478493
v 9.071498 6.143570 4.478359
v 8.982498 6.143570 4.478359
v 8.982498 5.694570 4.478694
v 9.071498 5.694570 4.478694
v 9.080498 6.279570 4.478258
v 9.080009 6.286705 4.478252
v 9.078587 6.293565 4.478247
v 9.076295 6.300086 4.478242
v 9.073202 6.306200 4.478238
v 9.069372 6.311841 4.478233
v 9.064873 6.316945 4.478230
v 9.059770 6.321445 4.478226
v 9.054128 6.325274 4.478223
v 9.048014 6.328367 4.478221
v 9.041493 6.330658 4.478220
v 9.034633 6.332081 4.478218
v 9.027498 6.332570 4.478218
v 9.020363 6.332081 4.478218
v 9.013502 6.330658 4.478220
v 9.006983 6.328367 4.478221
v 9.000868 6.325274 4.478223
v 8.995227 6.321445 4.478226
v 8.990123 6.316945 4.478230
v 8.985623 6.311841 4.478233
v 8.981794 6.306200 4.478238
v 8.978701 6.300086 4.478242
v 8.976410 6.293565 4.478247
v 8.974987 6.286705 4.478252
v 8.974498 6.279570 4.478258
v 8.974987 6.272435 4.478263
v 8.976410 6.265574 4.478268
v 8.978702 6.259054 4.478273
v 8.981794 6.252940 4.478277
v 8.985624 6.247298 4.478281
v 8.990124 6.242195 4.478285
v 8.995227 6.237696 4.478289
v 9.000869 6.233866 4.478292
v 9.006983 6.230773 4.478294
v 9.013503 6.228482 4.478296
v 9.020363 6.227059 4.478297
v 9.027498 6.226570 4.478297
v 9.034633 6.227059 4.478297
v 9.041493 6.228482 4.478296
v 9.048014 6.230773 4.478294
v 9.054128 6.233866 4.478292
v 9.059770 6.237696 4.478289
v 9.064873 6.242195 4.478285
v 9.069372 6.247299 4.478281
v 9.073202 6.252940 4.478277
v 9.076295 6.259054 4.478273
v 9.078587 6.265574 4.478268
v 9.080009 6.272435 4.478263
v 8.565498 6.376570 4.478185
v 8.476498 6.376570 4.478185
v 8.476498 5.719570 4.478676
v 8.487901 5.714489 4.478680
v 8.500050 5.709760 4.478683
v 8.512857 5.705398 4.478686
v 8.526239 5.701422 4.478689
v 8.540107 5.697848 4.478692
v 8.554373 5.694695 4.478694
v 8.568953 5.691979 4.478696
v 8.583757 5.689718 4.478698
v 8.598701 5.687930 4.478699
v 8.613697 5.686630 4.478700
v 8.628658 5.685838 4.478701
v 8.643498 5.685570 4.478701
v 8.679730 5.687449 4.478700
v 8.713359 5.693015 4.478695
v 8.744280 5.702164 4.478689
v 8.772387 5.714792 4.478679
v 8.797578 5.730796 4.478667
v 8.819748 5.750070 4.478653
v 8.838793 5.772511 4.478636
v 8.854609 5.798015 4.478617
v 8.867092 5.826476 4.478596
v 8.876137 5.857792 4.478572
v 8.881640 5.891858 4.478547
v 8.883498 5.928570 4.478519
v 8.881820 5.960076 4.478496
v 8.876905 5.989954 4.478474
v 8.868936 6.017992 4.478453
v 8.858090 6.043977 4.478434
v 8.844551 6.067699 4.478416
v 8.828498 6.088945 4.478400
v 8.810112 6.107503 4.478386
v 8.789572 6.123163 4.478374
v 8.767060 6.135711 4.478365
v 8.742758 6.144936 4.478358
v 8.716843 6.150626 4.478354
v 8.689498 6.152570 4.478353
v 8.678350 6.152298 4.478353
v 8.667397 6.151477 4.478353
v 8.656623 6.150101 4.478354
v 8.646017 6.148162 4.478355
v 8.635563 6.145654 4.478357
v 8.625248 6.142570 4.478360
v 8.615058 6.138902 4.478363
v 8.604980 6.134644 4.478366
v 8.594998 6.129789 4.478369
v 8.585100 6.124329 4.478374
v 8.575272 6.118258 4.478378
v 8.565498 6.111570 4.478383
v 8.565498 6.026570 4.478446
v 8.574781 6.034617 4.478440
v 8.583678 6.041783 4.478435
v 8.592264 6.048101 4.478430
v 8.600609 6.053607 4.478426
v 8.608788 6.058335 4.478423
v 8.616873 6.062320 4.478420
v 8.624937 6.065597 4.478417
v 8.633054 6.068200 4.478415
v 8.641295 6.070164 4.478414
v 8.649734 6.071524 4.478413
v 8.658444 6.072314 4.478412
v 8.667498 6.072570 4.478412
v 8.685713 6.071295 4.478413
v 8.702799 6.067537 4.478416
v 8.718670 6.061398 4.478420
v 8.733239 6.052978 4.478427
v 8.746419 6.042376 4.478435
v 8.758123 6.029695 4.478444
v 8.768265 6.015035 4.478455
v 8.776757 5.998496 4.478467
v 8.783514 5.980179 4.478481
v 8.788447 5.960186 4.478496
v 8.791471 5.938616 4.478512
v 8.792498 5.915570 4.478529
v 8.791330 5.894841 4.478545
v 8.787906 5.875241 4.478559
v 8.782342 5.856898 4.478573
v 8.774757 5.839941 4.478586
v 8.765270 5.824497 4.478597
v 8.753998 5.810695 4.478608
v 8.741059 5.798665 4.478617
v 8.726572 5.788533 4.478624
v 8.710654 5.780429 4.478631
v 8.693424 5.774482 4.478635
v 8.674999 5.770820 4.478638
v 8.655499 5.769570 4.478639
v 8.648762 5.769693 4.478638
v 8.641609 5.770051 4.478638
v 8.634123 5.770633 4.478638
v 8.626387 5.771422 4.478637
v 8.618484 5.772406 4.478636
v 8.610498 5.773570 4.478635
v 8.602512 5.774901 4.478634
v 8.594609 5.776385 4.478633
v 8.586873 5.778008 4.478632
v 8.579388 5.779755 4.478631
v 8.572234 5.781614 4.478630
v 8.565498 5.783570 4.478628
v 8.417498 6.143570 4.478359
v 8.317498 6.143570 4.478359
v 8.201498 5.890570 4.478548
v 8.080498 6.143570 4.478359
v 7.979498 6.143570 4.478359
v 8.153498 5.790570 4.478623
v 8.000498 5.464570 4.478866
v 8.099498 5.464570 4.478866
v 7.978498 6.376570 4.478185
v 7.881498 6.376570 4.478185
v 7.695498 5.906570 4.478536
v 7.505498 6.376570 4.478185
v 7.412498 6.376570 4.478185
v 7.223498 5.906570 4.478536
v 7.035498 6.376570 4.478185
v 6.937498 6.376570 4.478185
v 7.213498 5.688570 4.478699
v 7.232498 5.688570 4.478699
v 7.458498 6.246570 4.478282
v 7.682498 5.688570 4.478699
v 7.701498 5.688570 4.478699
s off
f 3 1 2
f 3 4 1
f 43 41 42
f 43 40 41
f 44 40 43
f 44 39 40
f 45 39 44
f 45 38 39
f 46 38 45
f 46 37 38
f 47 37 46
f 47 36 37
f 48 36 47
f 48 35 36
f 49 91 48
f 91 35 48
f 49 90 91
f 92 35 91
f 49 89 90
f 93 35 92
f 49 88 89
f 94 35 93
f 94 34 35
f 49 87 88
f 50 87 49
f 95 34 94
f 50 86 87
f 96 34 95
f 50 85 86
f 97 34 96
f 50 84 85
f 98 34 97
f 51 84 50
f 98 33 34
f 51 83 84
f 99 33 98
f 51 82 83
f 100 33 99
f 52 82 51
f 100 32 33
f 52 81 82
f 101 32 100
f 52 80 81
f 102 32 101
f 53 80 52
f 53 79 80
f 102 31 32
f 103 31 102
f 53 103 79
f 53 31 103
f 54 31 53
f 54 30 31
f 55 29 54
f 29 30 54
f 55 28 29
f 56 28 55
f 56 27 28
f 56 26 27
f 57 26 56
f 57 25 26
f 58 25 57
f 58 24 25
f 6 78 5
f 58 23 24
f 7 78 6
f 8 78 7
f 59 23 58
f 59 22 23
f 9 78 8
f 10 78 9
f 59 21 22
f 11 78 10
f 59 20 21
f 12 78 11
f 60 20 59
f 13 78 12
f 60 19 20
f 14 78 13
f 60 18 19
f 15 78 14
f 16 78 15
f 60 17 18
f 17 78 16
f 60 78 17
f 61 78 60
f 61 77 78
f 62 77 61
f 62 76 77
f 62 75 76
f 63 75 62
f 63 74 75
f 63 73 74
f 64 73 63
f 64 72 73
f 64 71 72
f 65 71 64
f 65 70 71
f 65 69 70
f 65 68 69
f 66 68 65
f 66 67 68
f 106 104 105
f 106 143 104
f 119 117 118
f 119 116 117
f 119 115 116
f 119 114 115
f 119 113 114
f 120 113 119
f 120 112 113
f 120 111 112
f 120 110 111
f 121 110 120
f 121 109 110
f 121 108 109
f 121 107 108
f 121 106 107
f 122 106 121
f 122 178 106
f 178 179 106
f 179 180 106
f 180 181 106
f 181 143 106
f 123 175 122
f 175 176 122
f 176 177 122
f 177 178 122
f 124 172 123
f 172 173 123
f 173 174 123
f 174 175 123
f 125 169 124
f 169 170 124
f 170 171 124
f 171 172 124
f 125 168 169
f 125 167 168
f 126 167 125
f 126 166 167
f 126 165 166
f 144 143 181
f 126 164 165
f 127 164 126
f 127 163 164
f 127 162 163
f 128 162 127
f 128 161 162
f 128 160 161
f 129 160 128
f 129 159 160
f 130 159 129
f 130 158 159
f 130 157 158
f 131 157 130
f 131 156 157
f 131 155 156
f 132 155 131
f 132 154 155
f 133 154 132
f 133 153 154
f 133 152 153
f 134 152 133
f 134 151 152
f 134 150 151
f 135 150 134
f 135 149 150
f 135 148 149
f 135 147 148
f 136 147 135
f 136 146 147
f 136 145 146
f 136 144 145
f 136 143 144
f 137 143 136
f 138 143 137
f 139 143 138
f 140 143 139
f 141 143 140
f 142 143 141
f 183 229 182
f 183 228 229
f 184 228 183
f 184 227 228
f 185 227 184
f 185 226 227
f 186 226 185
f 186 225 226
f 187 225 186
f 187 224 225
f 188 224 187
f 188 223 224
f 189 230 188
f 230 223 188
f 189 277 230
f 231 223 230
f 189 276 277
f 232 223 231
f 189 275 276
f 233 223 232
f 233 222 223
f 190 275 189
f 190 274 275
f 234 222 233
f 190 273 274
f 235 222 234
f 190 272 273
f 236 222 235
f 236 221 222
f 191 272 190
f 191 271 272
f 237 221 236
f 191 270 271
f 238 221 237
f 238 220 221
f 192 270 191
f 192 269 270
f 239 220 238
f 239 219 220
f 193 269 192
f 193 268 269
f 240 219 239
f 193 267 268
f 241 219 240
f 241 218 219
f 194 267 193
f 194 266 267
f 242 218 241
f 195 266 194
f 195 265 266
f 242 217 218
f 243 217 242
f 195 264 265
f 244 217 243
f 196 264 195
f 244 216 217
f 196 263 264
f 245 216 244
f 196 262 263
f 197 262 196
f 246 216 245
f 246 215 216
f 197 261 262
f 247 215 246
f 198 261 197
f 247 214 215
f 198 260 261
f 248 214 247
f 198 259 260
f 249 214 248
f 199 259 198
f 249 213 214
f 199 258 259
f 250 213 249
f 199 257 258
f 251 213 250
f 199 256 257
f 252 213 251
f 200 256 199
f 252 212 213
f 200 255 256
f 253 212 252
f 200 254 255
f 254 212 253
f 200 212 254
f 201 212 200
f 201 211 212
f 202 211 201
f 202 210 211
f 203 210 202
f 203 209 210
f 204 209 203
f 204 208 209
f 205 208 204
f 205 207 208
f 206 207 205
f 372 370 371
f 348 346 347
f 373 370 372
f 373 369 370
f 349 346 348
f 349 345 346
f 374 369 373
f 374 368 369
f 350 345 349
f 375 368 374
f 375 367 368
f 350 344 345
f 351 344 350
f 376 367 375
f 279 384 278
f 279 383 384
f 376 366 367
f 352 344 351
f 377 366 376
f 352 343 344
f 377 365 366
f 378 365 377
f 353 343 352
f 378 364 365
f 353 342 343
f 379 364 378
f 354 342 353
f 379 363 364
f 380 363 379
f 355 342 354
f 355 341 342
f 380 362 363
f 381 362 380
f 356 341 355
f 381 361 362
f 382 361 381
f 356 340 341
f 357 340 356
f 382 360 361
f 383 360 382
f 358 340 357
f 358 320 340
f 320 339 340
f 279 281 383
f 281 282 383
f 282 283 383
f 283 284 383
f 284 285 383
f 285 286 383
f 286 287 383
f 287 288 383
f 288 289 383
f 289 290 383
f 290 291 383
f 291 292 383
f 292 360 383
f 292 293 360
f 293 359 360
f 359 319 358
f 319 320 358
f 294 359 293
f 321 339 320
f 359 318 319
f 295 359 294
f 322 339 321
f 359 317 318
f 296 359 295
f 323 339 322
f 359 316 317
f 297 359 296
f 297 316 359
f 324 339 323
f 297 315 316
f 324 338 339
f 298 315 297
f 298 314 315
f 325 338 324
f 298 313 314
f 299 313 298
f 326 338 325
f 299 312 313
f 300 312 299
f 327 338 326
f 300 311 312
f 327 337 338
f 301 311 300
f 301 310 311
f 328 337 327
f 301 309 310
f 302 309 301
f 329 337 328
f 302 308 309
f 329 336 337
f 303 308 302
f 279 280 281
f 303 307 308
f 330 336 329
f 304 307 303
f 331 336 330
f 331 335 336
f 305 307 304
f 332 335 331
f 332 334 335
f 306 307 305
f 333 334 332
f 387 385 386
f 387 388 385
f 388 392 385
f 389 392 388
f 389 391 392
f 389 390 391
f 434 432 433
f 434 431 432
f 435 431 434
f 435 430 431
f 436 430 435
f 436 429 430
f 436 428 429
f 437 428 436
f 437 427 428
f 394 447 393
f 394 446 447
f 438 427 437
f 438 426 427
f 438 425 426
f 439 425 438
f 439 424 425
f 440 424 439
f 440 423 424
f 440 422 423
f 441 422 440
f 441 421 422
f 442 421 441
f 442 411 421
f 411 412 421
f 412 413 421
f 413 414 421
f 414 415 421
f 415 416 421
f 416 417 421
f 417 418 421
f 418 419 421
f 419 420 421
f 443 409 442
f 409 410 442
f 410 411 442
f 444 407 443
f 407 408 443
f 408 409 443
f 444 406 407
f 444 405 406
f 445 405 444
f 445 404 405
f 445 403 404
f 394 445 446
f 394 399 445
f 399 400 445
f 400 401 445
f 401 402 445
f 402 403 445
f 394 398 399
f 394 397 398
f 394 396 397
f 394 395 396
f 486 484 485
f 486 483 484
f 487 483 486
f 487 482 483
f 488 482 487
f 488 481 482
f 489 481 488
f 489 480 481
f 490 480 489
f 490 479 480
f 491 479 490
f 491 478 479
f 492 534 491
f 534 478 491
f 492 533 534
f 535 478 534
f 492 532 533
f 536 478 535
f 492 531 532
f 537 478 536
f 537 477 478
f 492 530 531
f 493 530 492
f 538 477 537
f 493 529 530
f 539 477 538
f 493 528 529
f 540 477 539
f 493 527 528
f 541 477 540
f 494 527 493
f 541 476 477
f 494 526 527
f 542 476 541
f 494 525 526
f 543 476 542
f 495 525 494
f 543 475 476
f 495 524 525
f 544 475 543
f 495 523 524
f 545 475 544
f 496 523 495
f 496 522 523
f 545 474 475
f 546 474 545
f 496 546 522
f 496 474 546
f 497 474 496
f 497 473 474
f 498 472 497
f 472 473 497
f 498 471 472
f 499 471 498
f 499 470 471
f 499 469 470
f 500 469 499
f 500 468 469
f 501 468 500
f 501 467 468
f 449 521 448
f 501 466 467
f 450 521 449
f 451 521 450
f 502 466 501
f 502 465 466
f 452 521 451
f 453 521 452
f 502 464 465
f 454 521 453
f 502 463 464
f 455 521 454
f 503 463 502
f 456 521 455
f 503 462 463
f 457 521 456
f 503 461 462
f 458 521 457
f 459 521 458
f 503 460 461
f 460 521 459
f 503 521 460
f 504 521 503
f 504 520 521
f 505 520 504
f 505 519 520
f 505 518 519
f 506 518 505
f 506 517 518
f 506 516 517
f 507 516 506
f 507 515 516
f 507 514 515
f 508 514 507
f 508 513 514
f 508 512 513
f 508 511 512
f 509 511 508
f 509 510 511
f 564 562 563
f 564 561 562
f 565 561 564
f 565 560 561
f 566 560 565
f 566 559 560
f 567 559 566
f 567 558 559
f 568 558 567
f 568 557 558
f 569 557 568
f 569 556 557
f 570 556 569
f 570 555 556
f 571 555 570
f 571 554 555
f 572 554 571
f 572 553 554
f 573 553 572
f 573 552 553
f 574 552 573
f 574 551 552
f 575 551 574
f 576 551 575
f 576 598 551
f 576 597 598
f 577 597 576
f 577 596 597
f 578 596 577
f 578 595 596
f 579 595 578
f 579 594 595
f 580 594 579
f 580 593 594
f 581 593 580
f 581 592 593
f 582 592 581
f 582 591 592
f 583 591 582
f 583 590 591
f 584 590 583
f 584 589 590
f 585 589 584
f 585 588 589
f 586 588 585
f 586 587 588
f 549 547 548
f 549 550 547
f 601 599 600
f 601 649 599
f 638 636 637
f 639 636 638
f 640 636 639
f 640 635 636
f 641 635 640
f 642 635 641
f 643 635 642
f 643 634 635
f 644 634 643
f 645 634 644
f 645 633 634
f 646 633 645
f 647 633 646
f 648 633 647
f 648 632 633
f 649 632 648
f 601 650 649
f 650 651 649
f 651 652 649
f 652 653 649
f 653 654 649
f 654 655 649
f 655 656 649
f 656 657 649
f 657 658 649
f 658 659 649
f 659 632 649
f 659 660 632
f 660 631 632
f 660 661 631
f 661 662 631
f 662 630 631
f 663 630 662
f 664 630 663
f 664 629 630
f 665 629 664
f 666 629 665
f 667 629 666
f 667 628 629
f 668 628 667
f 669 628 668
f 601 698 650
f 669 627 628
f 670 627 669
f 671 627 670
f 671 626 627
f 672 626 671
f 673 626 672
f 673 625 626
f 674 625 673
f 674 624 625
f 675 624 674
f 676 624 675
f 676 623 624
f 677 623 676
f 677 622 623
f 678 622 677
f 679 622 678
f 679 621 622
f 680 621 679
f 681 621 680
f 682 621 681
f 682 620 621
f 683 620 682
f 601 697 698
f 601 696 697
f 684 620 683
f 601 695 696
f 601 694 695
f 601 693 694
f 601 692 693
f 685 620 684
f 601 691 692
f 685 619 620
f 601 690 691
f 601 689 690
f 686 619 685
f 601 688 689
f 601 687 688
f 601 686 687
f 601 619 686
f 601 618 619
f 601 617 618
f 602 617 601
f 602 616 617
f 603 616 602
f 604 616 603
f 605 616 604
f 605 615 616
f 606 615 605
f 607 615 606
f 608 615 607
f 608 614 615
f 609 614 608
f 610 614 609
f 611 614 610
f 611 613 614
f 612 613 611
f 704 702 703
f 704 701 702
f 701 699 700
f 701 706 699
f 704 706 701
f 705 706 704
f 715 713 714
f 715 712 713
f 712 710 711
f 712 717 710
f 717 709 710
f 709 707 708
f 709 719 707
f 712 716 717
f 718 709 717
f 715 716 712
f 718 719 709
